
Resp charges for organic molecule                                               

iqopt   irstrnt  ihfree     qwt
  2      1      1        0.001000

 rel.rms   dipole mom       Qxx      Qyy      Qzz
    0.14376   4.30779  13.62695   7.58117 -21.20812

          Point charges before & after optimization
    NO   At.No.    q0           q(opt)   IVARY  d(rstr)/dq 
     1     8  -0.464391      -0.464391  -99    0.002105
     2     6  -0.298736      -0.298736  -99    0.003174
     3     6   0.557019       0.557019  -99    0.001767
     4     6   0.493586       0.493586  -99    0.001986
     5     6  -0.377891      -0.233421    0    0.003938
     6     6   0.177383       0.177383  -99    0.004911
     7     6   0.043641      -0.066125    0    0.008341
     8     7  -0.620234      -0.620234  -99    0.001592
     9     6  -0.053123      -0.061946    0    0.008501
    10     6   0.278795       0.278795  -99    0.003376
    11     6  -0.230288      -0.230288  -99    0.003983
    12     6  -0.059926      -0.059926  -99    0.008578
    13     6  -0.141621      -0.141621  -99    0.005768
    14     6   0.059250       0.059250  -99    0.008603
    15     6   0.067398       0.067398  -99    0.008292
    16     6  -0.118201      -0.118201  -99    0.006459
    17     6  -0.057179      -0.057179  -99    0.008681
    18     6  -0.095045      -0.095045  -99    0.007248
    19     6  -0.057179      -0.057179  -99    0.008681
    20     6  -0.118201      -0.118201  -99    0.006459
    21     6  -0.243906      -0.243906  -99    0.003793
    22     6   0.131504       0.122334    0    0.006329
    23     6  -0.487126      -0.487126  -99    0.002011
    24     8  -0.316172      -0.316172  -99    0.003016
    25     8  -0.476208      -0.476208  -99    0.002055
    26     1   0.308697       0.308697  -99    0.000000
    27     1   0.086723       0.086723  -99    0.000000
    28     1  -0.049147      -0.049147  -99    0.000000
    29     1   0.167751       0.078764    0    0.000000
    30     1   0.076404       0.078764   29    0.000000
    31     1   0.042045       0.042045  -99    0.000000
    32     1   0.073743       0.091620    0    0.000000
    33     1   0.045832       0.091620   32    0.000000
    34     1   0.320049       0.320049  -99    0.000000
    35     1   0.079696       0.094967    0    0.000000
    36     1   0.111536       0.094967   35    0.000000
    37     1   0.111782       0.111782  -99    0.000000
    38     1   0.080049       0.080049  -99    0.000000
    39     1   0.099938       0.099938  -99    0.000000
    40     1   0.073811       0.073811  -99    0.000000
    41     1   0.073976       0.073976  -99    0.000000
    42     1   0.076057       0.076057  -99    0.000000
    43     1   0.073976       0.073976  -99    0.000000
    44     1   0.073811       0.073811  -99    0.000000
    45     1   0.120308       0.120308  -99    0.000000
    46     1   0.021285       0.037793    0    0.000000
    47     1   0.046754       0.037793   46    0.000000
    48     1   0.291776       0.291776  -99    0.000000

        Statistics of the fitting:
  The initial sum of squares (ssvpot)                      1.935
  The residual sum of squares (chipot)                     0.040
  The std err of estimate (sqrt(chipot/N))               0.00186
  ESP relative RMS (SQRT(chipot/ssvpot))                 0.14376

 Dipole Moment (Debye)=   4.30779
