
Resp charges for organic molecule                                               

iqopt   irstrnt  ihfree     qwt
  2      1      1        0.001000

 rel.rms   dipole mom       Qxx      Qyy      Qzz
    0.12130   2.63334  29.49560  -5.02208 -24.47352

          Point charges before & after optimization
    NO   At.No.    q0           q(opt)   IVARY  d(rstr)/dq 
     1     8  -0.748499      -0.748499  -99    0.001324
     2     6   0.348168       0.348168  -99    0.002761
     3     6   0.212133       0.223453    0    0.004085
     4     8  -0.706916      -0.706916  -99    0.001401
     5     6   0.492458       0.492458  -99    0.001990
     6     6  -0.006378      -0.073382    0    0.008062
     7     6  -0.295798      -0.213726    0    0.004238
     8     6   0.363489       0.444371    0    0.002195
     9     7  -0.957740      -0.957740  -99    0.001038
    10     6   0.077039       0.068539    0    0.008249
    11     6   0.090977       0.090977  -99    0.007397
    12     6  -0.190262      -0.190262  -99    0.004652
    13     6  -0.125998      -0.125998  -99    0.006217
    14     6  -0.170588      -0.170588  -99    0.005057
    15     6   0.001330       0.001330  -99    0.009999
    16     6   0.068496       0.068496  -99    0.008250
    17     6  -0.137875      -0.137875  -99    0.005871
    18     6  -0.140334      -0.140334  -99    0.005803
    19     6  -0.130257      -0.130257  -99    0.006090
    20     6  -0.140334      -0.140334  -99    0.005803
    21     6  -0.137875      -0.137875  -99    0.005871
    22     6  -0.110106      -0.110106  -99    0.006723
    23     1   0.442811       0.442811  -99    0.000000
    24     1   0.023532       0.023532  -99    0.000000
    25     1  -0.003675      -0.023155    0    0.000000
    26     1  -0.043180      -0.023155   25    0.000000
    27     1   0.003838       0.003838  -99    0.000000
    28     1   0.045634       0.046769    0    0.000000
    29     1   0.006127       0.046769   28    0.000000
    30     1   0.037533       0.038846    0    0.000000
    31     1   0.091635       0.038846   30    0.000000
    32     1  -0.020789      -0.039681    0    0.000000
    33     1   0.006280      -0.039681   32    0.000000
    34     1   0.424171       0.424171  -99    0.000000
    35     1   0.084767       0.080629    0    0.000000
    36     1   0.101257       0.080629   35    0.000000
    37     1   0.132102       0.132102  -99    0.000000
    38     1   0.132559       0.132559  -99    0.000000
    39     1   0.140259       0.140259  -99    0.000000
    40     1   0.122496       0.122496  -99    0.000000
    41     1   0.129782       0.129782  -99    0.000000
    42     1   0.127767       0.127767  -99    0.000000
    43     1   0.129782       0.129782  -99    0.000000
    44     1   0.122496       0.122496  -99    0.000000
    45     1   0.107687       0.107687  -99    0.000000

        Statistics of the fitting:
  The initial sum of squares (ssvpot)                      2.568
  The residual sum of squares (chipot)                     0.038
  The std err of estimate (sqrt(chipot/N))               0.00191
  ESP relative RMS (SQRT(chipot/ssvpot))                 0.12130

 Dipole Moment (Debye)=   2.63334
