#Transcript position	Transcript coverage profile
0.0	5.905889532716267
1.0	16.879671538932406
2.0	26.461725162487568
3.0	36.89364209002696
4.0	45.499329724783976
5.0	51.67056078730148
6.0	55.48697761329037
7.0	58.277806244618624
8.0	59.09217108106455
9.0	61.577310975156266
10.0	63.38359744765018
11.0	66.27335058565698
12.0	69.94900896317345
13.0	70.9352841234506
14.0	69.31778019609207
15.0	66.35945663784055
16.0	64.28846798309137
17.0	61.4080300239785
18.0	61.10444845022688
19.0	61.58125054425362
20.0	61.55083309164455
21.0	60.93296778980019
22.0	61.51295513941327
23.0	60.83005321320062
24.0	60.82312850043634
25.0	60.36331289875957
26.0	60.35322399363469
27.0	59.719123141823495
28.0	59.52158325131891
29.0	60.47753005048697
30.0	62.24050850204699
31.0	62.38580757739211
32.0	63.79481420242972
33.0	64.96946025792603
34.0	66.3992514272089
35.0	66.17168789380439
36.0	65.85895674723568
37.0	64.09956408131283
38.0	61.41500977813982
39.0	59.5735211944733
40.0	60.21108062666037
41.0	59.74047478582668
42.0	59.38897234713151
43.0	59.363099852850645
44.0	59.60687626213345
45.0	59.7520452275297
46.0	60.40119989960022
47.0	60.883008035379525
48.0	62.114823706031494
49.0	62.37307025615953
50.0	64.05341311227498
51.0	65.43072267936569
52.0	65.67829464777397
53.0	66.86477516924312
54.0	65.84753530720994
55.0	65.44363745992365
56.0	67.18005529603488
57.0	68.78037412680749
58.0	68.59443305771427
59.0	69.99336811906093
60.0	69.81135468012505
61.0	68.6641295264573
62.0	67.88349911354345
63.0	68.94061962803097
64.0	68.30201050091195
65.0	68.2244041675822
66.0	66.84583489768931
67.0	66.89651637937628
68.0	64.80907668326557
69.0	63.25189039540602
70.0	60.94888638198817
71.0	61.00749305227696
72.0	61.62519300311446
73.0	61.731787525780824
74.0	61.17140456222315
75.0	59.42296082486208
76.0	58.674557636697344
77.0	58.04234851274874
78.0	57.8359669862275
79.0	58.22131530650844
80.0	57.94763018929103
81.0	56.425131910192285
82.0	55.101534803633086
83.0	53.294537662719556
84.0	51.27531668539717
85.0	49.06506610724431
86.0	46.652739034665686
87.0	45.45210870975874
88.0	43.39576240959963
89.0	40.57294710050913
90.0	37.684232071591346
91.0	34.82415823391617
92.0	29.423190157320562
93.0	22.667375637081054
94.0	16.891171045576588
95.0	11.159162262638922
96.0	5.747677666944034
97.0	1.878480358885227
98.0	0.5610502281063936
99.0	0.10837546087943788
