#Transcript position	Transcript coverage profile
0.0	8.768452214540952
1.0	23.358366090588667
2.0	35.538086910806136
3.0	46.61150719317844
4.0	56.717186419674064
5.0	65.48921385763009
6.0	72.26685454810992
7.0	76.04624660537436
8.0	79.93034151469408
9.0	85.42080565197212
10.0	88.07629535617521
11.0	91.55543227227363
12.0	95.37013235172431
13.0	96.14599780953382
14.0	94.43299580389316
15.0	90.95756838405472
16.0	88.29188684272292
17.0	87.09193258757858
18.0	88.8728274579008
19.0	90.42980093828076
20.0	90.10483492094042
21.0	88.97584162992709
22.0	88.6775811278059
23.0	86.74624746397188
24.0	86.01476845240023
25.0	85.3784626224587
26.0	85.17083376324264
27.0	84.90091056772502
28.0	85.0081025655758
29.0	84.88710862081109
30.0	86.69831825409244
31.0	85.65685341413231
32.0	86.30310886312134
33.0	87.15787083376681
34.0	88.70113264795916
35.0	90.88442359249635
36.0	91.51225421827593
37.0	91.22592998373817
38.0	88.97791314767562
39.0	87.43446172340552
40.0	88.32873833639607
41.0	87.11416311681906
42.0	85.65115109580145
43.0	83.08739177803912
44.0	82.37957992836937
45.0	82.79745408332639
46.0	83.62978900599478
47.0	83.46427106174905
48.0	83.78541422727976
49.0	84.05315264548476
50.0	86.26265803469482
51.0	86.86680704655637
52.0	87.23116609201813
53.0	87.89181307144598
54.0	85.67760809754728
55.0	83.78873630016349
56.0	83.82354430016213
57.0	84.07907331168805
58.0	84.15455034927606
59.0	85.39296303227974
60.0	87.79842139623494
61.0	89.59181074650739
62.0	90.5247786666739
63.0	93.5838302556569
64.0	94.18126254688528
65.0	95.367148808071
66.0	94.98074204136392
67.0	94.88537026139609
68.0	93.78731206045948
69.0	93.46293980798046
70.0	91.01971655533528
71.0	92.57850407158735
72.0	93.48259335654907
73.0	93.8039460795276
74.0	93.57461653695992
75.0	90.01038082696164
76.0	88.91669390161648
77.0	87.77625882673408
78.0	87.82749750734332
79.0	88.52300685317388
80.0	87.46464190190561
81.0	83.46621643106072
82.0	80.66547337383929
83.0	77.86852357820578
84.0	75.322205281701
85.0	71.4118664575057
86.0	67.26698336405661
87.0	64.1097250683939
88.0	57.57850760108883
89.0	50.12194434215563
90.0	44.39115952093592
91.0	38.70853988375771
92.0	30.801611744821976
93.0	22.215188609199846
94.0	15.95149122247983
95.0	10.815786978038862
96.0	6.774152684694566
97.0	3.064517127705246
98.0	0.959322699475655
99.0	0.11776644478369218
