#Transcript position	Transcript coverage profile
0.0	2.8319763733709786
1.0	8.396723089143972
2.0	13.315757255721127
3.0	18.35199431158056
4.0	22.56870109192508
5.0	25.34956460802153
6.0	27.18967755632892
7.0	28.390133930195994
8.0	28.70510646433951
9.0	29.693398477990367
10.0	30.362430771108286
11.0	31.4393532200914
12.0	33.45905104371688
13.0	34.04241446181172
14.0	33.4378705259087
15.0	32.12173999756396
16.0	31.23324361786433
17.0	29.738745349819133
18.0	29.497772787115878
19.0	29.63634878443719
20.0	29.691019829485537
21.0	29.55107069313347
22.0	29.773472505465936
23.0	29.278373292560737
24.0	29.415981499205454
25.0	29.127507622753846
26.0	29.260214908151198
27.0	28.72970097174021
28.0	28.61847493528845
29.0	28.93335740680287
30.0	29.943872780282874
31.0	30.32131149783814
32.0	31.126386672650398
33.0	31.54024406724816
34.0	32.48347000639169
35.0	32.38980103673586
36.0	32.04645675453961
37.0	31.032027741301086
38.0	29.940266845289393
39.0	28.912765817973206
40.0	29.25815047739496
41.0	29.229805583914303
42.0	29.158900587035344
43.0	28.86542148822106
44.0	28.580617477940578
45.0	28.671023152854204
46.0	28.817197998942426
47.0	29.305115894212424
48.0	30.020991105765006
49.0	30.067538245086446
50.0	30.98474669513888
51.0	31.563763481972675
52.0	31.591024836233764
53.0	32.29416410196131
54.0	31.852822201461777
55.0	31.26562625584617
56.0	32.09825424194705
57.0	32.960773161058015
58.0	32.57275026105223
59.0	33.22923298469381
60.0	33.40437967511793
61.0	32.84636648288496
62.0	32.898164275918475
63.0	33.182829362630955
64.0	33.03486649143222
65.0	32.58190119914843
66.0	31.58170690232449
67.0	31.600440728532686
68.0	30.70913659916366
69.0	29.984358274146608
70.0	28.902408326094434
71.0	29.07323419163866
72.0	29.532077862637983
73.0	29.673213034857397
74.0	29.333899008340016
75.0	28.559262717700978
76.0	28.578479702262413
77.0	28.318664312762028
78.0	28.04631109158458
79.0	28.282732265013543
80.0	28.36280079879105
81.0	27.712527880124163
82.0	27.239850474454226
83.0	26.29275902516075
84.0	25.26344151534275
85.0	24.115153397815448
86.0	22.886930350885528
87.0	22.255177997769994
88.0	21.318943266818977
89.0	19.923020060403985
90.0	18.429486238383454
91.0	16.959932157952316
92.0	14.526418402157038
93.0	11.395815431547756
94.0	8.641524052799578
95.0	5.704418920526499
96.0	2.8149669079241955
97.0	0.8856316183759922
98.0	0.25955110557274697
99.0	0.043453350482681466
