#Transcript position	Transcript coverage profile
0.0	7.420167982729911
1.0	21.220541928041442
2.0	33.16762610371125
3.0	46.04817501228604
4.0	57.58371753888698
5.0	65.26240357245257
6.0	70.09298279090915
7.0	72.45674718175813
8.0	74.01031882281934
9.0	77.61584117294377
10.0	79.97713894238731
11.0	84.5281644420875
12.0	89.01025724333749
13.0	89.82913745013909
14.0	88.84939606974292
15.0	84.7866227414919
16.0	81.2707492144323
17.0	78.95451544987505
18.0	78.4216908389891
19.0	79.20475637081233
20.0	78.40505696051723
21.0	76.79510559764343
22.0	76.76347616778298
23.0	74.87833344815836
24.0	74.70298362210407
25.0	74.2832147812909
26.0	74.57946945749325
27.0	74.45036324488525
28.0	75.13694569282346
29.0	76.02805188192153
30.0	78.76745724014943
31.0	78.9797085671402
32.0	80.827898394259
33.0	81.34240447923844
34.0	82.00905861639501
35.0	81.74402827265786
36.0	81.08949155144867
37.0	78.58739410044225
38.0	75.65093300160561
39.0	73.65725625789975
40.0	75.19402368328423
41.0	75.26040223600711
42.0	74.74351149069098
43.0	75.45388330999562
44.0	75.77521376278297
45.0	76.38437576902142
46.0	77.60241996215981
47.0	78.88816645114306
48.0	79.59672149136011
49.0	80.11066621018487
50.0	82.30089708945039
51.0	83.7631786346667
52.0	83.73500204697402
53.0	83.8637785432217
54.0	82.90906533045404
55.0	83.16519904126477
56.0	85.32111114653145
57.0	86.63918225962422
58.0	86.77598441262104
59.0	88.73086938711334
60.0	89.01018163969647
61.0	87.31973943886835
62.0	86.52679556844694
63.0	88.15218984718304
64.0	87.99811510223984
65.0	87.82629613894674
66.0	86.49495705457494
67.0	85.77725335746818
68.0	82.4842373167497
69.0	80.87358650248399
70.0	77.85701764594464
71.0	78.76829826005823
72.0	79.4474431158696
73.0	78.89859948813933
74.0	78.76181138378433
75.0	76.53405588804411
76.0	75.31102532572704
77.0	74.07574542996645
78.0	73.86920742494357
79.0	75.07941995656418
80.0	74.48267246326807
81.0	71.84132796099196
82.0	71.27047012793533
83.0	70.57673205875912
84.0	67.68863638651116
85.0	64.85051029552162
86.0	62.51839429261959
87.0	60.2266053129166
88.0	56.60511126521728
89.0	52.45460032247837
90.0	48.38533790499334
91.0	44.183773466989244
92.0	37.98231499646609
93.0	29.093534758646594
94.0	21.47003227557654
95.0	14.281176582713645
96.0	6.973467222576476
97.0	2.318703106669858
98.0	0.6919184590583353
99.0	0.11524923947519322
