#Transcript position	Transcript coverage profile
0.0	8.590463857893237
1.0	24.719611811685866
2.0	40.05827157721649
3.0	55.37134300165546
4.0	68.65053799812321
5.0	78.74836416503206
6.0	85.07721588492058
7.0	89.34144082743144
8.0	91.6519907067221
9.0	96.39875181401737
10.0	99.52997941852526
11.0	103.95903398344299
12.0	109.14739176139165
13.0	110.24314947087083
14.0	108.41856147329179
15.0	104.13180515956395
16.0	100.17867347597344
17.0	95.95940200158144
18.0	95.4524034599707
19.0	96.27471279485523
20.0	95.48111150946163
21.0	93.28268574236046
22.0	92.9604313724171
23.0	91.47210114116456
24.0	91.58442255478323
25.0	90.53561107059421
26.0	90.27399669053922
27.0	89.80444943740179
28.0	90.54904751595708
29.0	92.09120820687522
30.0	94.682102567287
31.0	95.53290827793174
32.0	98.55480148132959
33.0	99.96877570986067
34.0	101.01590026184863
35.0	100.03710739073654
36.0	99.12004805886721
37.0	95.49763805991037
38.0	91.58983211529555
39.0	89.66150120486213
40.0	91.12831043998543
41.0	90.38545222539149
42.0	89.79503936693705
43.0	89.93053054975664
44.0	89.81589819531371
45.0	90.72727970382869
46.0	92.91353864701367
47.0	94.14747919385863
48.0	95.60947280367994
49.0	96.08624997342218
50.0	98.04727595911183
51.0	98.11823872369222
52.0	97.94180787377121
53.0	100.21471805353357
54.0	99.32475843007725
55.0	98.33678307397398
56.0	101.18324383872036
57.0	102.80304336126392
58.0	102.91465455786954
59.0	105.16764618352023
60.0	104.0797565942306
61.0	102.95212374897845
62.0	101.7614058871539
63.0	102.62204503650749
64.0	101.49502209467339
65.0	101.39250905455557
66.0	100.12881688615806
67.0	100.85323466291955
68.0	97.63692671444004
69.0	95.21442332792621
70.0	92.44034017616613
71.0	93.60993091275806
72.0	93.82341133028494
73.0	93.06046074300228
74.0	92.97694337108193
75.0	91.33382168925797
76.0	90.67348287196351
77.0	89.72005726854252
78.0	89.61622470811169
79.0	91.33890270139213
80.0	91.06897936239876
81.0	87.59300573624154
82.0	86.10792152060338
83.0	84.50996467274302
84.0	81.15040827526347
85.0	78.29403411194865
86.0	75.37016731376636
87.0	72.53866946427534
88.0	68.9192613309271
89.0	62.54417844315041
90.0	57.87801395896251
91.0	52.81133002948148
92.0	44.832847530214934
93.0	34.006252497902075
94.0	25.48043471415344
95.0	16.833924641228748
96.0	8.840246249351646
97.0	2.9750853844528438
98.0	0.9642906071217819
99.0	0.077663260376474
