#Transcript position	Transcript coverage profile
0.0	5.900661112322434
1.0	15.556298985859888
2.0	24.105632100331817
3.0	31.77181899065291
4.0	39.397435991401686
5.0	46.00439036676014
6.0	51.19127056632557
7.0	53.94775981876165
8.0	56.54310374359222
9.0	59.78613937170012
10.0	61.55237984034225
11.0	63.28184777676288
12.0	66.33294727030881
13.0	67.43950058221128
14.0	66.35569370114845
15.0	64.11675064814882
16.0	62.96541710097457
17.0	63.08949447456891
18.0	64.20015992701921
19.0	65.5193767781672
20.0	65.54880627889547
21.0	64.54499422447442
22.0	63.73221149516165
23.0	62.37531910355231
24.0	61.22632470947827
25.0	61.085861636558455
26.0	61.07752049717377
27.0	60.4141042216842
28.0	59.95760870620681
29.0	60.322627749368266
30.0	61.831298528805064
31.0	61.62951344012428
32.0	62.10406515528209
33.0	62.36456870241454
34.0	63.491777348516266
35.0	64.4298122288959
36.0	64.80131744192103
37.0	64.95864342125722
38.0	63.491127353971066
39.0	62.54742214928188
40.0	62.53530948198728
41.0	61.0412117545019
42.0	59.74298198002948
43.0	58.504880561945846
44.0	58.56035494508641
45.0	59.23628410231488
46.0	60.14419842020358
47.0	59.77003929055718
48.0	59.24489536389758
49.0	59.4791908203166
50.0	60.5235864100689
51.0	61.55818514950534
52.0	61.49492074063115
53.0	61.767064726225165
54.0	60.10672395925567
55.0	58.69289507700063
56.0	58.82859651583613
57.0	59.07148687385103
58.0	58.67196657072807
59.0	59.13513371711423
60.0	60.185635802409706
61.0	61.360991723684116
62.0	62.3205852364427
63.0	64.17665983505854
64.0	64.66252135341578
65.0	65.69959805715746
66.0	66.12498654469921
67.0	66.81364815822181
68.0	66.01978184996408
69.0	65.43699487815108
70.0	63.678016229179086
71.0	63.91619507535829
72.0	64.30616834781173
73.0	63.90767913148606
74.0	63.6867002606947
75.0	61.813854316770595
76.0	60.54073648288469
77.0	59.89164703316867
78.0	60.30299215502296
79.0	60.26078638748746
80.0	58.77719647174855
81.0	56.155328305922026
82.0	54.434413085588766
83.0	52.106262624114244
84.0	50.403198410809566
85.0	48.035415006166836
86.0	45.600460335835635
87.0	43.69817628560264
88.0	38.89432258488506
89.0	33.82615582761616
90.0	29.757292511140182
91.0	25.546927927099027
92.0	20.27788140233959
93.0	14.677972158264927
94.0	10.722996102826594
95.0	7.040208682636219
96.0	4.271214858585033
97.0	1.8354195408563632
98.0	0.6425470621857959
99.0	0.09847815463691863
