#Transcript position	Transcript coverage profile
0.0	5.887871794506658
1.0	16.911888366156532
2.0	26.58377415526519
3.0	37.04218918150669
4.0	45.73018769188858
5.0	51.82697726996751
6.0	55.80038956273352
7.0	58.52624728226813
8.0	59.319843997142705
9.0	61.87518042530525
10.0	63.77977066863067
11.0	66.49340230795755
12.0	70.35043838351565
13.0	71.34818356669709
14.0	69.74986273329671
15.0	66.79020177711304
16.0	64.71878151997751
17.0	61.74656843624042
18.0	61.470014115539804
19.0	61.969235031361336
20.0	61.99460919761098
21.0	61.40335635415878
22.0	62.041504559585945
23.0	61.273825612302716
24.0	61.30032299937799
25.0	60.75681695277907
26.0	60.73115994515571
27.0	60.05401590523535
28.0	59.88071891575689
29.0	60.85956155982017
30.0	62.65405554134325
31.0	62.70270765543548
32.0	64.12341234107657
33.0	65.3828183027101
34.0	66.82354812484463
35.0	66.5769714778373
36.0	66.24201851056286
37.0	64.51530805217105
38.0	61.6703430613936
39.0	59.89690059898624
40.0	60.5306966274481
41.0	60.03905564334043
42.0	59.725113237878205
43.0	59.70896489290178
44.0	59.90004141454112
45.0	60.1245400793959
46.0	60.761463831780375
47.0	61.291000333902204
48.0	62.514172436400116
49.0	62.77152919875972
50.0	64.53410739061633
51.0	65.91028583201134
52.0	66.11814900792213
53.0	67.3323417172235
54.0	66.311739114554
55.0	65.8298459293848
56.0	67.60276482554467
57.0	69.05261203745711
58.0	68.96132506648472
59.0	70.33512778800542
60.0	70.1247692934957
61.0	69.10355365212001
62.0	68.4159459250658
63.0	69.3850439848167
64.0	68.74648835537444
65.0	68.57347397966186
66.0	67.15157711056462
67.0	67.17113322340633
68.0	65.07150903476274
69.0	63.611302777856885
70.0	61.263669688513005
71.0	61.327919914476716
72.0	61.96891676809021
73.0	62.0408186830135
74.0	61.37786141258091
75.0	59.6341014371047
76.0	58.925713616853635
77.0	58.2626211509267
78.0	58.16080912787746
79.0	58.63190112913632
80.0	58.326660700301346
81.0	56.81317374613388
82.0	55.42682976241826
83.0	53.72698179678884
84.0	51.73058480664722
85.0	49.546360618165
86.0	47.151579845627914
87.0	45.9826960392136
88.0	43.94259889706791
89.0	41.121764548753426
90.0	38.242109110900486
91.0	35.37082953277161
92.0	29.97851864988022
93.0	23.116260255493874
94.0	17.25167839895245
95.0	11.437613432832988
96.0	5.840345952643338
97.0	1.9030307363245518
98.0	0.5584221072128324
99.0	0.10748471339214725
