Chunk:1000
Rank;Comsynctime;Worktime
0;1.106522;0.001535
3;0.031268;1.077285
1;0.031329;1.077127
4;0.032058;1.076219
2;0.031066;1.077165
Chunk:10000
Rank;Comsynctime;Worktime
0;1.042339;0.000150
3;0.000857;1.041669
1;0.000911;1.038195
4;0.000903;1.040758
2;0.000889;1.037476
Chunk:100000
Rank;Comsynctime;Worktime
0;1.056036;0.000020
3;0.000104;1.044569
1;0.000109;1.031335
4;0.000110;1.017807
2;0.000105;1.055966
Chunk:1000000
Rank;Comsynctime;Worktime
0;1.297130;0.000003
3;0.000028;1.297116
1;0.000025;0.897506
4;0.000027;1.133647
2;0.000022;0.820273
Chunk:2000000
Rank;Comsynctime;Worktime
0;1.553960;0.000002
1;0.000020;0.877190
4;0.000024;1.553950
2;0.000021;1.007930
3;0.000020;0.710813
