#Transcript position	Transcript coverage profile
0.0	4.7283333642098935
1.0	12.580334168109097
2.0	19.13008645071339
3.0	24.7765867260334
4.0	29.8617798739488
5.0	34.136766196139014
6.0	37.1418971076497
7.0	39.11266348168212
8.0	41.01509399425923
9.0	43.93573389585396
10.0	45.56745567317836
11.0	47.65953416179827
12.0	49.912694726557795
13.0	50.698183996835716
14.0	49.80559899251045
15.0	47.90272891375454
16.0	46.00296429939495
17.0	45.56412391900741
18.0	46.30088468258915
19.0	46.46558490150411
20.0	46.472839315189184
21.0	46.84493924525672
22.0	46.32431174250687
23.0	45.19920015955253
24.0	44.728676178534236
25.0	43.74115660498185
26.0	43.41868353688368
27.0	43.362516860044245
28.0	42.71962968901562
29.0	41.77027834740114
30.0	42.66503584078252
31.0	42.40557269137106
32.0	43.36595626838108
33.0	44.045150346845084
34.0	45.262538625121884
35.0	46.986960936306254
36.0	46.62196207471616
37.0	46.22526639901095
38.0	44.19696138310288
39.0	42.85344550778269
40.0	43.48894532747049
41.0	43.07232366530153
42.0	42.23268574587682
43.0	40.93742024218033
44.0	40.025577105896694
45.0	40.55299489470604
46.0	41.43112009936605
47.0	41.75435169770743
48.0	42.08707521502375
49.0	42.11141537383424
50.0	42.820913794222854
51.0	42.83432941560725
52.0	43.35289821182422
53.0	43.793617713016744
54.0	42.640215443890085
55.0	41.59057787164976
56.0	42.04719972593991
57.0	42.68224411050306
58.0	42.3078116134951
59.0	42.699777474936774
60.0	43.53042587910273
61.0	43.63824081509874
62.0	44.35156712825411
63.0	45.87003372718003
64.0	46.543721318795484
65.0	47.07814250780115
66.0	46.53249345084708
67.0	46.946261650642384
68.0	46.46919338054019
69.0	46.54684196135766
70.0	45.561951634034976
71.0	46.30018975511766
72.0	46.93944654915484
73.0	46.977798718875235
74.0	46.822587413444964
75.0	45.32879044488998
76.0	44.79010232448231
77.0	44.06451697012944
78.0	43.97137496247073
79.0	44.44897955572907
80.0	44.20814383142105
81.0	42.74010132117777
82.0	41.62944234659189
83.0	40.70270853381488
84.0	39.37888984119478
85.0	37.601763551773956
86.0	35.18098335336464
87.0	33.20460980924172
88.0	29.564856817890245
89.0	25.601087455252497
90.0	22.25882724232248
91.0	18.818442558797035
92.0	14.336702327032702
93.0	10.196189893833603
94.0	7.4199095371566175
95.0	5.082987839700184
96.0	3.243537796172821
97.0	1.5357756130483857
98.0	0.5977566799294177
99.0	0.08370592367651583
